10-formyl-THF	15637	11304	19108	698
1-Methyl-4-phenyl-1,2,3,6-tetrahydropyridine	17963	11263	19059	639
2-oxoglutarate	30915	19749	1253
3,4-Dihydroxy-L-phenylalanine	15765	13098	11693	1377	19825
3-dehydroquinate	17947	1487	19997
3-dehydro-shikimate	30918	19999	1488	2052
3-Phosphoglycerat	17050	24345	11882	1659
3-Phosphoglycerate	17050	24345	11882	1659
3-phosphoglycerate	17050	24345	11882	1659
4-aminobutyrate	16865	20318	1786
5-Hydroxytryptamine (serotonin)	28790	26652	1420
5-amino-levulinate	17549	20547	2034	12109
5-amino-leulinate	17549	20547	2034	12109
5-amino-2,6-dioxy-4-(phospho-ribitylamino) pyrimidine	18247	2031	12107
5-phosphoribosylamine	17284	2123	12165	12162	20626	12161
6,7-dimethyl-8-(1-D-ribityl) lumazine	17601	20682	2154	12185
acetate	15366	22169	2387
Acetate	15366	22169	2387
Acetoacetyl CoA	15345	11756	2392	13706	22173
Acetyl CoA	15351	22192	13712	2408
Acetyl-CoA	15351	22192	13712	2408
Acetylphosphate	15350	2407
ACh	15355	12686	2416	13715	22197
adenylo-succinate	15919	21857	7405	12657	12656
Adenosine diphosphate	16761	22244	13222	2342
Adenosine triphosphate	15422	22249	10841	10789	2359	13236
ADP	16761	22244	13222	2342
Adrenaline	28918	1942	23928
Adrenaline, Epinephrine	28918	1942	23928
allantoate	30837	22353	2593
allantoin	15676	2594	13761	22354
AMP	16027	13235	22242	13234	13736	22245	13740	2356	12056
arachidonic acid	15843	2799	22608
Arachidonic acid	15843	2799	22608
ascorbate	29073	2868	13082	21241	21240
ATP	15422	22249	10841	10789	2359	13236
butyrobetaine	3246
Ca2+	29108	22988	3308
Ca++	29108	22988	3308
calcium	29108	22988	3308
Calcium	29108	22988	3308
calcium ion	29108	22988	3308
cAMP	17489	11673	1325	19827
Ca_super_2+_endsuper	29108	22988	3308
cGMP	16356	19829	11675	1327
Cholesterol	16113	13982	3659	23204
choline	15354	23212	3665	13985
chorismate	17333	3677	23227
cis-Aconitate	32805	10482	23308
Cl-	17996	13291	3616	3731	13970
CO2	16526	13285	13284	3283	13283	13282	23011
CoA	15346	3771	23355	13295	13298	13294
coA	15346	3771	23355	13295	13298	13294
coproporphyrinogen III	15439	3880	23386	14020
crotono-betaine	3926
CTP	17677	23522	3285	13286
cysteine	15356	14061	23508	4050
Dihydroxyacetone phosphate	16108	14342	24355	14341	5454
Dopa	18243	11930	1764	11695	14203	23886
dopamine	18243	11930	1764	11695	14203	23886
Dopamine	18243	11930	1764	11695	14203	23886
epinephrine	28918	1942	23928
FAD	16238	13315	4956	21125
FADH2	17877	13316	4957	21126
Farsenyl pyrophosphate	17407	10700	12874	14231	11491	11488	12854	19789
Fe2+	18248	13322	24872	5974
FMN	17621	4960	21127	13317
formate	30751	24082	5145
fumarate	18012	24124	5190
Fumarate	18012	24124	5190
GDP	17552	13327	5212	14379	24448
Geranyl pyrophosphate	5335
Glucose	17234	5418	24277	14313
Glutamate	18237	24314	5431
glutamate	18237	24314	5431
glutamine	28300	5432	24316
Glyceraldehyde 3-phosphate	17138	14333	5446
glycine	15428	5460	10792	24368	14344
glycerate	32398	21030	4187
Glycogen	28087	24379	5466
glyoxylate	16891	5509	24421
GMP	17345	13341	14381	5228	24449	24450
GTP	15996	24451	5234	13342
guanosine-3-5-cyclic monophosphate	16356	19829	11675	1327
H+	15378	10744	13357	5584
H2O	15377	27313	5585	10743	13352
H2O2	16240	13355	5586	24637
heme	17627	5651	14957
Heme	17627	5651	14957
Hydrogen peroxide	16240	13355	5586	24637
hydroxymethylbilane	16645	5809	14423	24716
IMP	17202	19271	14457	12057	13373	13372	12063	5849
IP3	16595	4276	12892	19192	11363	12894
Iron	18248	13322	24872	5974
K+	29103	8345	26219
Lanosterol	16521	14500	6374	25011
L-arginine	16467	13077	21235	6185
L-carnitine	16347	6202	13091	21256	11060
L-citrulline	16349	6203	21257	13092
L-Tryptophan	16828	21407	13178	6310
L-tyrosine	17895	21411	6313	13181
L-xylulose-5-phosphate	16593	13191	6328	21427
Malate	6650
Mevalonate	17710	18691	345
Mevalonate-5-pyrophosphate	17436	10990	18675	333	10991
Mg2+	18420	25112	6635	13379
Mg++	18420	25112	6635	13379
putrescine	17148	14972	8650	26405
propionyl-CoA	15539	14904	14907	26295	8479
methionine	16811	25229	6829	14590
Mg_super_2+	18420	25112	6635	13379
Na+	29101	9175	26717
NAD	15846	13389	21901	7422	13394	13393
NAD+	15846	13389	21901	7422	13394	13393
NADH	16908	13395	13396	7423	21902
NADP	18009	13398	13397	13390	7424	21903
NADPH	16474	13400	21904	13392	7425	13399
Na_super_+	29101	9175	26717
NE	18357	14668	1	25592
NH3	16134	13771	13405	13406	7434	13407	22533
Nitric oxide	16480	14657	7583	25546
norepinephrine	18357	14668	1	25592
O2	15379	25366	10745	7860	23833	30491	13416
O2 -	15379	25366	10745	7860	23833	30491	13416
ondansetron	7773
Oxaloacetate	30744	7812	24959	25734
oxaloacetate	30744	7812	24959	25734
Oxalosuccinate	7815
oxalureate	16582	7816	25737	14706
Phosphoenolpyruvate	18021	14812	26054	8147
porphobilinogen	17381	14867	26212	8335
PPi	29888	8683
propionate	30768	26304	8476
prephenate	16666	8399	26257
Propionyl-CoA	15539	14904	14907	26295	8479
propionyl-CoA	15539	14904	14907	26295	8479
Prostaglandin	8504
prostaglandin I2	15552	245	26331	10912
protoheme	17627	5651	14957
PRPP	17111	20625	12160	12164	2121	12159
putrescine	17148	14972	8650	26405
pyridoxal-5-phosphate	18405	26424	14977	8668
pyridoxal	17310	26423	8667	14976
pyridoxamine	16410	8669	26426	14978
pyridoxamine-5-phosphate	18335	14980	14979	8670	26427
pyridoxine	16709	8671	14981	26429
pyridoxine-5-phosphate	28803	8672	26430
pyruvate	32816	26466	8685
Pyruvate	32816	26466	8685
reserpine	28487	26531	8808
riboflavin	17015	15044	27299	8843
shikimate-3-phosphate	17052	11886	20195	15084	9134
shikimate	16119	9133	26662	26664
siroheme	28599	9166	26690
sirohydrochlorin	18023	9167	15090	26691
Squalene 2,3 epoxide	15441	18728	11072	11026	372
Squalene	15440	9245	15104	10843	26746	10795
Succinate	15741	22943	26807	9304
succinate semialdehyde	16265	26804	9305	15126
Succinyl-CoA	15380	9310	26811	15127	10746
succinyl-CoA	15380	9310	26811	15127	10746
thymine	17821	27004	15247	9580
tartronate semialdehyde	16992	15194	1123	11583	19605
tetrahydrofolate	15635	12075	15220	9482	10931	18606
THF	15635	12075	15220	9482	10931	18606
thymidine	17748	19273	9579	15244
thymine	17821	27004	15247	9580
TTP	18077	27000	10530	14093
tyrosine	17895	21411	6313	13181
urea	16199	15292	9888	27218
UDP-galactose	18307	13495	13487	9811	22100
UDP-N-acetyl-D-glucosamine	16264	13476	13475	22115	9823	13473	13456
UTP	15713	13510	9850	27233
uracil	17550	9822	13472	22114
Urate	17775	27226	9885
uropophpyrinogen-III	15437	27257	9905	15300
xanthosine	18107	10066	15323	27327
Xanthine	17712	10059	27317	15318
Zn2+	29105	10113	27368
3-deoxy-D-arabino heptulosonate-7-phosphate	18150	11786	20003	19523	11785	11544	1053
ADPs	16761	22244	13222	2342
aspartate	17053	21247	6193
Aspartate	17053	21247	6193
asparagine	17196	13083	21242	6191
ATPs	15422	22249	10841	10789	2359	13236
erythrose-4-phophate	16897	20927	4114	12921
Diacylglycerol	18035	23653	14135	4481
FDP	17407	10700	12874	14231	11491	11488	12854	19789
Fructose 1, 6-bisphosphate	16905	12924	4120
Fructose 6-phosphate	15946	12926	20935	4124
Fucose	27442	22769	10376
Geranyl pyrophosphate	17211	5332	24223	14299
Glucose 6-phosphate	15954	4170	21002	12968
glutamate-1-semialdehyde	17232	21302	13109	6225
H	24636
L-5-Hydroxytryptophan	28171	2081	20595
Mevalonate	25350
protoporphyrinogen	15435	8593	26359	26360	14962
Ribose 1-Phosphate	35425	4236	21081
ribulose-5-phosphate	17363	21088	4243	13018
SAM	15414	12760	10786	8946	12742	22036	12757	10833
serine	17115	13167	6301	21387
succinyl-homoserine	16160	21975	12699	7704	12723
threonine	16857	21403	6308	13175
Triacylglycerol	17855	15255	27085	9664
valine	16414	6321	21417	13186
xylulose-5-phosphate	16593	13191	6328	21427